image_width: 1280
image_height: 800
camera_name: narrow_stereo/left
camera_matrix:
  rows: 3
  cols: 3
  data: [1331.26196,    0.     ,  644.45301,
            0.     , 1343.30042,  319.47617,
            0.     ,    0.     ,    1.     ]
distortion_model: plumb_bob
distortion_coefficients:
  rows: 1
  cols: 5
  data: [0.003888, 0.026906, -0.008248, 0.004028, 0.000000]
rectification_matrix:
  rows: 3
  cols: 3
  data: [ 0.99918925,  0.02318034,  0.03291685,
         -0.02302109,  0.99972141, -0.00520875,
         -0.03302842,  0.00444674,  0.99944452]
projection_matrix:
  rows: 3
  cols: 4
  data: [1436.64882,    0.     ,  591.47846,    0.     ,
            0.     , 1436.64882,  323.8638 ,    0.     ,
            0.     ,    0.     ,    1.     ,    0.     ]
