image_width: 1280
image_height: 800
camera_name: narrow_stereo/left
camera_matrix:
  rows: 3
  cols: 3
  data: [1260.35792,    0.     ,  621.47919,
            0.     , 1260.13399,  392.26461,
            0.     ,    0.     ,    1.     ]
distortion_model: plumb_bob
distortion_coefficients:
  rows: 1
  cols: 5
  data: [0.000527, -0.045274, -0.003863, -0.001529, 0.000000]
rectification_matrix:
  rows: 3
  cols: 3
  data: [ 0.99997488,  0.00085361, -0.0070362 ,
         -0.0008535 ,  0.99999964,  0.00001927,
          0.00703621, -0.00001326,  0.99997525]
projection_matrix:
  rows: 3
  cols: 4
  data: [1275.05352,    0.     ,  629.94597,    0.     ,
            0.     , 1275.05352,  391.27675,    0.     ,
            0.     ,    0.     ,    1.     ,    0.     ]
