image_width: 1280
image_height: 800
camera_name: narrow_stereo/right
camera_matrix:
  rows: 3
  cols: 3
  data: [1265.99632,    0.     ,  637.64608,
            0.     , 1271.08771,  406.83937,
            0.     ,    0.     ,    1.     ]
distortion_model: plumb_bob
distortion_coefficients:
  rows: 1
  cols: 5
  data: [-0.022371, 0.030094, -0.000211, 0.001870, 0.000000]
rectification_matrix:
  rows: 3
  cols: 3
  data: [ 0.99998529,  0.00046257,  0.00540504,
         -0.00045865,  0.99999963, -0.0007271 ,
         -0.00540537,  0.00072461,  0.99998513]
projection_matrix:
  rows: 3
  cols: 4
  data: [1274.33866,    0.     ,  632.2466 ,   76.57291,
            0.     , 1274.33866,  406.03413,    0.     ,
            0.     ,    0.     ,    1.     ,    0.     ]
