image_width: 1280
image_height: 800
camera_name: narrow_stereo/right
camera_matrix:
  rows: 3
  cols: 3
  data: [1334.50815,    0.     ,  640.01882,
            0.     , 1347.28423,  334.74039,
            0.     ,    0.     ,    1.     ]
distortion_model: plumb_bob
distortion_coefficients:
  rows: 1
  cols: 5
  data: [0.010175, -0.069802, -0.002692, 0.003708, 0.000000]
rectification_matrix:
  rows: 3
  cols: 3
  data: [ 0.99924544,  0.02314482,  0.03119094,
         -0.02329519,  0.99971865,  0.0044662 ,
         -0.03107879, -0.00518943,  0.99950347]
projection_matrix:
  rows: 3
  cols: 4
  data: [1436.64882,    0.     ,  591.47846,   55.82848,
            0.     , 1436.64882,  323.8638 ,    0.     ,
            0.     ,    0.     ,    1.     ,    0.     ]
