image_width: 1280
image_height: 800
camera_name: narrow_stereo/right
camera_matrix:
  rows: 3
  cols: 3
  data: [1260.94164,    0.     ,  618.78389,
            0.     , 1261.72433,  395.56122,
            0.     ,    0.     ,    1.     ]
distortion_model: plumb_bob
distortion_coefficients:
  rows: 1
  cols: 5
  data: [-0.008508, 0.015388, -0.003437, -0.001756, 0.000000]
rectification_matrix:
  rows: 3
  cols: 3
  data: [ 0.99996393,  0.0030305 , -0.00793412,
         -0.00303063,  0.99999541, -0.00000424,
          0.00793407,  0.00002829,  0.99996852]
projection_matrix:
  rows: 3
  cols: 4
  data: [1275.05352,    0.     ,  629.94597,   -74.70843,
            0.     , 1275.05352,  391.27675,    0.     ,
            0.     ,    0.     ,    1.     ,    0.     ]
